   1.7598187e+00   6.0240899e-01
   1.8339852e+00  -7.1265341e-01
   1.1991409e+00  -4.2909397e-01
   1.5555499e+00  -3.8305531e-01
  -1.3256239e+00  -6.5741164e-01
   2.6356102e-01   9.3912420e-01
  -8.4785366e-01  -4.1473260e-01
   1.6124609e+00  -1.0772596e+00
  -1.3370999e+00  -4.6030475e-01
  -5.4862615e-01  -1.8007033e+00
  -1.1798207e+00   1.3336007e+00
  -1.5020889e+00   1.4147450e+00
   1.2709473e+00  -1.6547952e+00
  -1.1484812e+00  -5.1123305e-02
   8.5324364e-01   1.7695996e+00
   5.1784788e-01   7.2019419e-01
  -3.5633004e-01  -1.2966509e+00
   1.5943789e+00   1.2825095e+00
  -2.8472928e-01  -1.6852050e+00
  -2.3802717e-01   1.3348441e+00
  -8.5030939e-01   8.1288530e-01
   2.1783068e+00   5.5071680e-01
  -1.5632715e+00  -3.2047723e-01
   1.1012358e+00   8.8235710e-01
  -1.5455637e+00   3.4662034e-01
  -1.9677008e+00   8.1462937e-03
   2.4789207e-01  -2.3309593e+00
   1.7162527e-01  -1.1102149e+00
   2.8017042e-01  -9.5758568e-01
  -2.3360601e-01   6.8799083e-01
   7.3002013e-01   6.0391725e-02
  -1.5426794e+00   1.8847651e-02
   1.1166857e+00  -8.5037930e-01
  -3.8847356e-01  -1.1315954e+00
  -5.5253645e-01   5.9285519e-01
  -4.8480462e-01  -1.1561822e+00
   1.3729491e-01  -2.2211212e+00
   1.0401874e+00   3.5975066e-01
   1.2770378e+00  -1.7606705e+00
   2.8563221e-01  -7.4487109e-01
   1.3340433e+00  -1.5404167e+00
  -5.9780996e-01   2.0134463e+00
  -1.4902065e+00   1.2183855e+00
   5.6218519e-01  -4.8940220e-01
  -9.8559137e-01  -1.6953011e+00
   5.2793423e-01   1.4257557e+00
   2.1789786e+00   2.0001841e-01
   8.3075963e-01   1.2044623e-01
  -1.8304917e+00  -6.2023576e-01
   6.6953021e-01   8.3887360e-01
   1.8708900e+00  -1.2679741e+00
   8.1687272e-01   1.0342853e+00
  -2.7790161e-01  -2.2090325e+00
  -5.6339840e-01   1.1568477e+00
   1.3711149e+00  -4.6175879e-01
  -1.6932640e+00   1.1054260e+00
  -2.8090836e-02   1.3162754e+00
   9.9596546e-01   2.0483833e+00
  -9.4480846e-01   1.5212993e+00
  -1.5930150e+00  -5.3390529e-01
   9.4635780e-01  -7.9163746e-01
  -7.5989214e-02  -1.2172777e+00
   1.1459417e+00   1.3644196e+00
  -1.4916420e+00   4.1345441e-01
  -3.8275954e-01  -6.3896034e-01
   9.0425394e-01  -9.1424105e-01
   1.5220057e+00  -1.6212576e+00
   5.4521182e-01   6.3968437e-01
  -9.9260872e-01  -1.3057240e+00
   7.2349297e-01   2.0298782e-01
   1.4761110e+00  -1.0316632e+00
   1.3842279e+00   1.4551762e+00
   1.3223455e+00  -1.8352592e+00
  -2.0297080e+00   2.8967756e-01
   1.1884625e+00  -1.7532250e+00
  -1.6383341e-02   1.2824619e+00
   2.1827257e+00   6.4155670e-01
   9.8190652e-01  -1.4780920e+00
   1.2347611e+00   4.6795036e-01
   1.9506588e+00  -2.7286480e-01
   1.6550289e+00   7.7608081e-01
   7.4229746e-01  -1.2502819e+00
  -1.5490866e+00   2.5527576e-01
   6.9510083e-01   2.1478411e+00
  -1.8727701e+00  -4.3101804e-01
   8.0241320e-01  -1.1724935e+00
   1.5588873e+00  -1.6919717e+00
   1.4332624e+00  -4.1384140e-01
   1.2880170e+00  -1.6696402e-01
   1.0603392e+00   3.2979854e-01
  -5.1710739e-01  -2.1941935e+00
   6.2523319e-01   3.6029429e-01
   1.4169296e+00   3.6123231e-01
  -5.2497883e-01  -1.0098272e+00
   1.8780806e-01   8.8221932e-01
   1.6688054e+00  -1.0807757e-01
   1.1489323e+00   9.1176698e-02
   5.2996314e-01  -1.3951092e+00
  -1.0650385e+00   1.0592347e+00
   1.6635566e+00  -3.1874270e-01
  -4.6879129e-01   7.0853181e-01
  -1.5663221e+00  -1.0683572e+00
   9.1991559e-02   2.0745197e+00
   1.2698620e+00   1.5859813e-01
   7.4487633e-01  -1.4225941e+00
   9.0847759e-01  -5.8206153e-01
   1.4584966e+00  -1.6400345e+00
   2.3191969e-01   7.0615182e-01
   1.1909447e+00   1.9441118e-01
  -3.9496395e-01  -1.3137305e+00
   1.9814222e+00   1.1015507e+00
  -2.0069051e+00   9.6291560e-01
  -1.1021889e-01   2.1558891e+00
  -9.9903659e-01   1.8405664e+00
  -2.0283131e+00   7.4799765e-01
  -5.3800603e-01  -1.2110747e+00
  -1.3191139e+00  -8.8790261e-01
  -7.3204513e-01   1.4713080e+00
   7.8010897e-01  -4.0706449e-01
   5.2044664e-01   1.4725951e+00
  -1.6334569e+00   1.3267677e+00
   9.4648302e-01  -1.9309826e-02
  -5.2103280e-01  -2.0691585e+00
   7.0031947e-01  -1.3034379e+00
  -4.4881094e-01  -2.0580364e+00
  -1.2042997e+00  -9.8995153e-01
  -9.3721792e-01  -1.2526878e+00
   2.5651570e-01   1.1182456e+00
   8.7668649e-01  -4.7713777e-02
   2.2190998e+00  -6.5681410e-01
  -2.3167889e-01   1.5170175e+00
  -1.4309956e+00   6.0806571e-04
  -1.6628690e+00  -2.9152548e-01
   1.2927866e+00   4.2577631e-02
  -9.8914639e-01   1.5340987e+00
  -1.6721958e-01   1.4021108e+00
  -1.4296326e+00   3.1829770e-01
  -3.2195127e-01   1.4930369e+00
   1.8463514e+00   1.1384577e+00
   9.0811407e-01  -1.1026361e+00
   7.1093060e-01  -1.0763856e+00
   7.3259900e-01   1.0010007e+00
  -5.2539957e-02   7.2273890e-01
  -1.1441639e+00  -1.3784385e-01
   1.7552874e+00  -2.0595763e-01
   2.0009509e-01  -1.1478238e+00
   1.2281893e+00   1.8834249e+00
  -1.9956876e+00  -6.5648223e-01
   2.1078783e+00   6.0027496e-01
   1.9283660e+00   1.1287386e+00
   1.5175996e+00  -2.4619848e-01
  -1.1172271e-01   7.4122604e-01
   8.7885828e-01  -3.0923863e-01
   5.4760704e-01  -2.0336145e+00
  -6.4857211e-01   1.3420344e+00
  -9.6308737e-02  -7.3698480e-01
   1.0074557e+00  -1.0086901e+00
  -1.3468839e+00   7.3261520e-01
  -1.7024901e+00   1.3095146e+00
   3.1529111e-01   1.4937002e+00
   1.8859214e+00   3.7202932e-01
  -2.0434438e+00   8.8954426e-01
   1.4450184e+00   1.1282635e+00
   2.1776122e+00   1.5885360e-01
   1.4064395e+00  -1.1223492e-01
   1.1786704e+00   8.0765889e-02
   1.3036049e+00  -7.8378675e-01
  -3.6231549e-01   1.4002362e+00
   9.4134130e-01   1.0066744e+00
  -1.3385808e+00  -1.3904260e+00
  -1.0564665e-01   1.8219952e+00
  -9.1960755e-01  -1.2640795e+00
   6.3959182e-01   3.3108829e-01
  -1.9121768e+00  -1.1704621e+00
   1.3565740e+00  -5.8549315e-01
   1.6124738e+00  -1.3529324e-01
   1.2973055e+00   1.0097251e+00
   7.2779148e-01  -3.2091935e-01
   2.1713467e+00  -5.5173529e-01
   4.3262050e-01   1.0019785e+00
   2.2610053e+00  -3.0058382e-02
  -9.7462188e-01  -1.7264909e-01
  -1.3250007e+00   5.8444978e-01
  -1.6275459e-01  -1.5402888e+00
  -9.8935765e-01   2.2861488e-01
   1.4873623e+00  -1.7874449e+00
  -2.1554732e+00  -8.1090033e-01
  -2.1780363e+00   2.7879944e-01
   1.0130157e+00   1.9815760e-02
  -1.8530794e+00  -6.7011464e-01
   1.9039521e+00  -2.1046323e-01
  -2.3816743e-02  -1.4146793e+00
  -1.6690252e+00  -1.4446341e+00
   6.2293832e-01   1.2647528e+00
  -9.6977214e-01   1.3065154e+00
   1.7488440e-01  -9.2484643e-01
  -7.9586291e-01   1.8577648e+00
   4.4943673e-01   1.4642594e+00
   1.6839682e+00   4.5361050e-01
   1.4385120e+00   8.0880585e-02
   2.6965173e-02   2.2723629e+00
   1.2317948e+00   6.3926488e-01
  -1.0390702e+00   3.2440937e-01
   4.2324150e-02  -7.3168372e-01
  -1.3057661e+00   2.4409302e-01
  -1.3566081e+00   2.3442042e-02
   1.6465139e+00   1.3760333e+00
   1.1428380e+00   2.2618329e-01
   6.1396916e-01  -9.9518570e-01
   8.7160418e-01  -9.2592616e-01
  -8.2976634e-01  -1.2818627e+00
   6.1666720e-02  -1.1209280e+00
   1.9936290e-01   1.4887879e+00
   3.5988772e-01   2.2263598e+00
  -1.6320843e+00  -4.3877125e-01
  -3.0769912e-01   1.1633267e+00
   4.7895477e-01  -1.4696810e+00
  -1.5540399e+00  -2.2624099e-01
   9.3228752e-01   2.1223930e+00
  -1.5409995e+00   5.2329052e-01
   9.1266827e-01  -1.1509684e+00
   1.0081564e+00  -1.9829728e+00
  -1.3707892e+00   1.1301805e+00
  -4.2227034e-01  -1.4200818e+00
  -1.1315480e+00   5.6453069e-01
   1.8321832e+00  -1.5872158e-01
  -1.0123982e+00   7.4317188e-01
  -3.6255845e-01  -6.8444013e-01
   1.0516334e+00  -1.4937936e+00
   1.7108663e+00  -2.0435030e-01
   1.1401442e+00   1.5950087e+00
   4.1299773e-01  -1.0888596e+00
   6.3479492e-01  -1.3177804e+00
   1.7340478e+00  -7.0275267e-01
  -1.0861355e+00   2.0723810e+00
  -7.2808461e-01  -1.7252664e+00
   1.6359430e-01  -1.2852424e+00
  -1.1454048e+00  -2.0247797e-01
   1.0637650e+00  -6.3101676e-01
  -7.1517590e-01  -7.8711797e-01
  -1.5025863e-02  -1.6161411e+00
   1.3789378e+00   1.4413700e-01
   1.6077178e+00   3.5914702e-02
   1.1473288e+00  -6.5601592e-01
  -2.9808816e-01   7.1963084e-01
   1.2092023e+00  -1.9942151e+00
  -2.3210536e+00   1.3126779e-01
  -5.9978264e-01   1.1930604e+00
   2.9526425e-02  -9.6040847e-01
  -1.0747710e+00  -1.2857087e+00
  -1.1392284e+00   4.1730071e-01
   2.0639154e+00   1.9224667e-01
   1.7435403e+00  -3.3784626e-01
  -2.2686501e+00  -5.1280707e-01
  -4.4368150e-01   9.4359686e-01
   9.0466082e-01   1.2889915e+00
   2.1545501e+00  -7.9855822e-01
  -3.2192858e-01   1.4563840e+00
   3.0979872e-01  -1.7238050e+00
   2.2252883e-01   1.9262311e+00
   4.7853495e-01   9.3577211e-01
   1.3512482e+00   7.7852055e-01
  -3.0762874e-01   7.9677883e-01
  -1.3923369e-01  -1.8424494e+00
  -1.8408116e+00  -8.4026130e-01
  -8.0973453e-01  -8.5310712e-02
  -8.4556933e-01  -1.3147279e+00
   1.2079483e+00  -1.3253882e+00
  -8.5999758e-01  -3.2751259e-01
   1.7626316e+00  -4.0662062e-01
   1.6259608e+00  -3.7379851e-01
  -1.4648431e+00   4.7480256e-02
  -5.1659897e-01  -1.8176099e+00
   2.9650410e-01  -1.1022906e+00
   8.3160570e-01  -1.2315287e+00
  -4.5916470e-01  -8.1635861e-01
   5.8863491e-01   7.5491577e-01
  -6.6806447e-01  -1.2471223e+00
  -1.1470168e+00  -1.3770255e-01
  -9.1010535e-02  -2.3160747e+00
   1.2984517e+00   1.1796659e+00
  -1.0140102e+00  -1.8348151e+00
   1.1042519e+00   1.0470240e+00
   1.5334596e+00  -1.0714711e+00
   9.3279269e-01  -3.7965034e-01
   2.0225651e+00   6.4870096e-01
   1.1133922e+00  -9.4025276e-01
  -1.6267288e+00  -9.1081511e-01
   1.6351861e+00   1.0612682e-02
  -1.3630059e+00   1.8934436e-01
  -1.3852267e+00  -7.5430303e-01
  -4.8318913e-01  -6.1675534e-01
   7.0122435e-01   1.1842747e-01
  -6.7492545e-01  -7.5091439e-01
  -1.1797378e+00   9.1394887e-01
   4.0306759e-02  -1.4894399e+00
   1.0407335e+00   1.1706375e+00
   3.1117982e-01   9.3660081e-01
  -1.7100486e+00   3.2288171e-01
  -7.8482447e-01  -1.1872940e+00
   1.3682363e+00   6.2096175e-01
   8.2469064e-01  -1.2875954e-01
   1.0872630e+00  -9.1945968e-02
  -1.8371424e+00   4.4962108e-01
  -5.3133987e-01   8.4407939e-01
   1.0261979e+00  -9.9069329e-01
  -1.3345878e+00   6.3897944e-01
   4.5903740e-01   5.7092027e-01
  -6.2166517e-02   2.1499408e+00
  -2.0224573e+00   6.0373631e-01
   1.9368510e+00   1.1518682e+00
   2.0016886e+00  -4.5768474e-01
   1.2419948e+00  -9.5132323e-01
  -1.2685148e+00  -3.5274213e-01
   1.1927382e-01   8.3048677e-01
   8.1098059e-01   1.5218886e+00
  -6.9661974e-01  -5.5518710e-01
  -1.7383012e+00   1.9573712e-01
  -8.7451352e-01   2.7365480e-01
   1.9410743e-01  -1.5263224e+00
   1.9924003e+00   1.0200856e+00
  -8.3837613e-01   1.1176410e+00
  -3.7071692e-01  -1.1589116e+00
  -1.6313562e+00  -5.1298990e-01
   1.0660233e+00   9.4637949e-02
  -1.4573280e+00   2.1318202e-01
   8.0275573e-01  -1.3602312e+00
   3.1082732e-01  -1.0805517e+00
  -1.4258668e+00   2.9565757e-01
   1.6334585e+00   5.5313821e-01
   4.9692417e-01  -1.4457766e+00
  -4.6076451e-01   1.2920874e+00
  -1.7898922e+00   1.4420076e+00
  -2.2380016e+00  -4.8120759e-01
  -1.0895473e+00  -1.5197745e+00
  -1.2231778e+00   1.1656627e+00
   2.0664760e+00  -3.4704092e-01
  -1.6567227e+00   6.5210229e-01
  -1.7755705e+00   1.4761851e+00
   1.0098364e+00   8.4529303e-01
   2.0302797e+00   5.8034055e-01
  -1.5580677e-01  -2.3332229e+00
   4.5545296e-01  -1.4442212e+00
  -6.5734325e-01   1.2254212e+00
   1.9575655e+00  -1.9513474e-02
   1.4250994e+00   8.2518150e-01
   4.3211636e-01   9.8081618e-01
  -1.0793589e+00  -1.5635962e+00
  -1.1036588e+00   1.0849125e+00
  -1.1198667e+00   6.2874603e-01
   5.8743939e-01   2.0182940e+00
   1.4911917e+00  -4.8610924e-01
  -1.2709938e+00  -6.3314115e-02
   7.4649998e-01   5.9103659e-01
   7.9141455e-02  -1.5201736e+00
   8.3506334e-01   1.4690940e+00
   1.9730802e+00  -9.1554735e-01
  -1.0740736e+00  -1.3574056e+00
   1.6369046e+00  -1.1770186e+00
  -1.4679166e+00   3.0350950e-01
   1.4524020e+00   7.2453146e-02
  -9.7866011e-01  -1.0636687e+00
  -2.0664497e+00   2.8848677e-01
   6.1716669e-01  -1.6569569e+00
  -1.1609228e+00   1.9700315e+00
  -1.1514332e-01  -7.8752271e-01
  -9.8700821e-01  -1.0638333e+00
   3.4666082e-01  -2.0250041e+00
   1.5191849e-01  -1.0083534e+00
   1.3351915e+00   7.0925388e-01
   8.6691885e-01   1.7676203e+00
  -7.0280408e-01   1.3588523e+00
   7.6066108e-02   1.2537334e+00
  -1.4436812e+00  -4.4477256e-01
   2.2980806e+00   2.2369725e-01
  -8.6944615e-01   1.7342160e-01
  -2.1346062e+00  -8.2272175e-02
  -1.1937109e+00  -5.7591012e-01
  -2.1287093e+00   3.2223791e-01
   1.0148495e+00  -1.1831242e+00
   1.4976592e-01  -9.6611115e-01
   6.6562928e-01  -1.6619642e+00
   1.5426756e-01   1.8102465e+00
  -1.0686578e+00   1.1228674e+00
  -5.3452454e-01  -1.1829232e+00
  -1.3963550e+00  -2.4477689e-01
  -1.6615072e+00   3.5753319e-01
   2.1050591e+00   5.0655312e-01
  -1.1780534e+00   1.7134124e-01
  -1.0155120e+00   7.1977500e-01
   1.2865182e-01   2.0807868e+00
   1.3895095e-01   7.3161949e-01
   1.4020369e+00  -2.1264695e-01
  -1.2616838e+00  -3.2615122e-01
   1.9720748e-01   1.9228996e+00
   1.0063714e+00  -4.9028282e-01
   2.1693513e+00   6.0743097e-01
   1.0580978e+00   9.1871093e-01
   5.7109417e-01  -7.3285548e-01
  -8.8160674e-02  -1.7392535e+00
  -7.4893152e-01  -1.3023958e+00
  -1.5115530e+00   1.4836248e-01
  -8.3607644e-01   8.6905590e-01
   7.7578159e-01   1.0668057e+00
  -5.1244716e-01   8.0324987e-01
   4.9661205e-01  -2.0375186e+00
   1.9499067e+00  -7.8027052e-01
  -1.0256956e+00  -1.6775656e-01
  -1.0189853e-01  -2.1276337e+00
   1.7477600e+00  -1.2574109e+00
   4.6841175e-01   8.5128651e-01
   1.1410505e+00   1.5849256e+00
   1.4759599e+00   1.4260171e+00
   5.5767510e-01   1.0900307e+00
  -1.4673521e+00  -5.6930666e-01
  -1.3065346e+00   7.5542236e-01
   1.7319603e+00  -7.4406441e-01
   8.8334827e-01  -4.9828787e-01
  -1.0091768e+00   7.6866395e-02
   1.7964280e+00  -1.3488266e+00
  -8.1558549e-01  -1.2202669e+00
  -1.0253380e+00   1.2534786e+00
  -3.7835130e-01  -1.3646836e+00
   1.2384539e-01  -7.8522895e-01
  -1.1041514e+00   3.8475220e-01
  -4.3077175e-01   1.4889789e+00
  -1.0600374e+00  -9.9027419e-01
  -1.6943754e+00  -1.5735779e+00
   4.4387725e-01   5.8543424e-01
  -6.5428092e-01   3.3047097e-01
  -1.1014900e+00   5.6429949e-01
   4.0090122e-01   1.0559354e+00
   1.8116525e+00  -1.0573856e+00
  -1.3822880e-01   2.2439462e+00
   1.1162039e+00  -2.4263922e-01
  -5.4562415e-02   2.2070228e+00
   1.2308099e+00  -7.7008363e-01
  -4.3492413e-01  -1.0688959e+00
   1.8735537e-01   1.5609849e+00
   8.5887559e-01  -3.5310318e-02
   1.9618699e+00   4.6416501e-01
  -9.5226598e-01  -1.2175299e+00
  -1.3056081e+00   6.9423647e-02
   1.2274062e+00   1.0680092e+00
  -1.2102923e+00  -1.6130761e+00
  -1.2381550e+00  -8.4838108e-01
   1.1301242e-01   1.3666323e+00
   2.2413378e+00  -4.7720850e-01
  -4.9016576e-01  -9.5552463e-01
  -1.5721256e+00   7.8379242e-02
   2.2347661e+00   3.8509452e-01
  -8.6101468e-01  -1.1719370e+00
  -4.3707049e-01   1.3428375e+00
  -1.0152751e+00  -4.0589190e-01
   5.5821951e-01  -6.8069111e-01
   8.9294845e-01   3.3398736e-01
  -1.7628194e-01  -1.4018759e+00
   1.2733403e+00   5.1377031e-01
   5.7040932e-01   6.2419666e-01
  -1.8384670e+00   8.1361003e-01
   7.2412736e-01  -1.9306456e+00
   1.3276641e+00  -5.0754199e-01
   1.4861859e+00   8.6745114e-01
   9.7958577e-01  -1.8159591e+00
  -3.1699250e-01   1.2299683e+00
  -3.6445756e-01   8.4562522e-01
  -1.1635509e+00   3.9682943e-01
   1.0559863e+00  -5.6449355e-01
   3.6099329e-01  -1.5197776e+00
  -1.7961676e+00  -1.0325766e-01
  -1.3649475e+00   6.6297457e-01
  -7.2270060e-01  -9.3273593e-01
   2.0076927e+00  -1.8412170e-01
  -8.9427903e-01   7.7844205e-01
   3.0676525e-01   1.2180136e+00
  -2.1758671e-01  -1.4294741e+00
  -1.3959797e+00  -2.2712463e-01
  -1.3573066e-01  -1.6217857e+00
   1.4390703e+00   4.0655791e-01
  -1.3549159e-01  -7.8847087e-01
   5.5537484e-01   1.4470475e+00
  -3.8884008e-01   1.3634397e+00
  -6.1061980e-02   1.4581378e+00
  -1.2212582e+00  -1.2231176e+00
  -6.8632641e-01   6.3578252e-01
   9.5913041e-02   1.4265892e+00
   6.3768738e-01  -1.6871972e+00
   1.4768450e+00   1.0030670e+00
   4.9220357e-01   5.3644535e-01
   2.0322629e+00  -7.0756547e-01
  -2.6952914e-01   1.0607312e+00
  -4.1077762e-02  -1.1824284e+00
  -1.7889789e+00  -1.3952877e+00
   4.2701827e-01  -7.7214512e-01
  -8.0134139e-01   4.2266101e-01
   1.8495557e-01  -1.4405904e+00
  -1.9858843e+00   5.2920872e-01
  -7.8552637e-01  -1.4756193e+00
   1.3671393e+00  -4.8198730e-01
  -7.7058174e-01   9.9403591e-01
  -1.2591100e+00   5.8111241e-01
  -4.2357117e-01   1.7408230e+00
   1.1746666e+00   9.6412172e-01
   1.8715947e+00   3.3565187e-01
  -1.4766251e+00  -3.7566470e-01
  -5.3118047e-01  -1.4034467e+00
   1.0145216e+00   2.4187070e-02
   1.1232062e+00  -5.7493431e-01
  -1.9497373e+00   9.6549723e-01
   2.0313387e+00   1.1370442e+00
  -4.9826437e-01  -1.4496029e+00
   1.6897476e-01  -2.2885569e+00
  -2.0746072e+00  -3.6881550e-01
  -1.9768089e+00   8.7260464e-01
  -1.8157218e+00  -3.8971007e-01
   5.7935922e-01  -1.1783061e+00
   1.0320991e+00  -1.0159756e-01
  -5.3949708e-01   5.7339191e-01
   1.5815958e+00  -1.2707899e+00
  -3.4372239e-01   1.5908132e+00
  -8.6765213e-01   1.2647303e+00
   1.1123661e+00   6.1247211e-01
   1.2722814e+00   1.8970058e+00
   2.9901458e-01  -1.2437006e+00
   1.4311341e-01  -1.3125967e+00
  -1.7123980e+00  -1.2678493e+00
  -1.2507857e+00  -1.1629849e+00
  -1.6869985e+00  -1.1441158e+00
  -1.2928608e+00  -4.6664288e-02
  -7.7370342e-01   7.0430518e-01
   6.0103147e-01   1.3742942e+00
  -1.7347159e+00  -9.6768359e-01
  -3.3867872e-01  -1.0857401e+00
   3.2587740e-01   1.7436447e+00
  -3.6874799e-02   1.9690935e+00
   2.3417356e-01  -2.2943182e+00
   6.9709396e-01   3.0359444e-01
   6.6246701e-01  -1.7134812e+00
  -1.8966389e+00  -7.2111369e-01
   9.1768089e-01  -1.6653736e+00
  -7.1380638e-01   7.1492003e-01
   6.1723826e-01  -1.2258757e+00
   4.4747507e-01   1.2438290e+00
  -1.1215062e+00  -4.1500216e-01
   8.8454617e-01   9.3244461e-02
  -2.8815615e-01  -1.3261009e+00
   9.2321400e-01   2.0878932e+00
   3.0566763e-01   1.3166056e+00
   2.8540576e-01   1.5107904e+00
  -4.1306103e-01   8.5236164e-01
   1.0743890e+00  -1.0260646e+00
  -2.6110465e-01  -1.2384348e+00
   1.5830121e-01  -7.1971545e-01
   2.1921709e+00  -7.6244341e-01
  -1.9722527e+00   4.7797939e-01
   9.5022109e-01  -2.1310849e+00
   1.0210153e-01   1.6384888e+00
   1.4817203e+00   3.0613428e-01
   1.2251253e+00   1.1562900e+00
  -7.0845378e-01   4.2751659e-01
  -9.2289243e-01   1.2262972e+00
   1.3671512e+00   3.6547619e-01
   7.3504140e-01   1.8090959e+00
  -2.2030217e+00   5.1344751e-01
  -1.7574377e-01  -1.3147430e+00
  -1.1316974e+00   5.0723187e-01
  -1.2833186e+00  -3.6449347e-02
  -1.7432883e+00  -7.1295138e-01
  -8.9349024e-01   1.1150978e+00
   1.2473294e+00   7.7180801e-01
   1.5215781e+00   1.3195163e-01
   8.3597537e-01  -1.1825195e+00
   1.5546184e+00   1.2856969e+00
  -2.2816307e+00  -2.2137332e-01
   1.5314080e-01  -1.4475943e+00
  -2.1497749e-01   2.1987031e+00
  -2.7728791e-01  -8.4657909e-01
   4.3147694e-01   1.1859685e+00
   1.0437891e+00  -1.6483928e+00
  -8.5309338e-01  -9.2749767e-01
   1.0101114e+00  -3.2025504e-01
  -5.8246178e-01   1.4263503e+00
  -1.5238069e+00  -1.6710500e+00
  -2.0658326e+00   1.0407776e+00
   7.3016857e-01  -6.5998336e-01
   5.8948391e-01  -1.7814576e+00
   8.3210535e-01   1.1717933e+00
   2.9111686e-01  -1.4200410e+00
  -1.7717133e+00  -9.4770077e-01
  -1.0628098e+00   1.9299235e+00
   3.1066658e-01   1.7723582e+00
   1.0271754e+00  -7.6413317e-01
  -6.1557002e-01  -1.3342642e+00
  -5.8883418e-01  -1.0942471e+00
  -7.2249412e-01  -1.2909927e+00
   7.6447759e-01  -2.0283226e+00
  -8.1257637e-01  -1.4411517e+00
   8.0089709e-01   1.0387711e+00
  -1.3372445e+00  -5.8599555e-01
  -1.0103199e+00  -8.7073276e-01
   8.5153763e-01   1.9655853e+00
  -1.0106503e+00  -1.2081099e+00
   9.1178700e-01   1.7987655e+00
   6.9141081e-01  -2.3025559e-01
  -1.5663809e+00  -5.6904939e-02
  -1.4323577e+00  -8.4335212e-01
   9.1969237e-01  -1.2663517e+00
  -1.1895666e+00  -1.1500563e+00
   9.8487386e-01   6.0338006e-01
  -3.5404072e-01   1.5075436e+00
   2.1335996e+00  -6.1420261e-01
   7.3578267e-01  -1.5584686e+00
  -7.6700652e-01   2.8368076e-02
   7.7119883e-01  -1.8358845e+00
   1.3662089e+00  -1.6454263e-01
  -1.0569777e+00   1.1094323e+00
  -7.8094281e-01  -2.2221720e-01
  -7.6403794e-01  -3.6644719e-01
  -8.4307068e-01  -5.8957543e-01
   2.1754527e+00   3.8266036e-01
   2.6418547e-01   2.2012711e+00
  -5.5050590e-01   1.3502527e+00
  -8.7992352e-03   1.8113156e+00
  -1.1745799e+00  -1.2032067e+00
  -1.3476301e+00  -2.0387266e-01
   4.7410682e-01  -1.1444466e+00
  -8.4398007e-01  -1.1361132e+00
  -5.0000781e-01   6.2764700e-01
   5.7935963e-01   1.1321316e+00
   1.4882295e+00  -2.2385751e-01
   3.8356848e-01  -1.1861667e+00
   4.6160956e-01  -1.4310576e+00
  -1.6528629e+00   7.5630279e-02
  -9.7379092e-01   1.1132889e+00
  -1.0901541e+00  -3.2206840e-02
  -2.7834564e-01   6.5019417e-01
  -2.0085903e+00  -1.0714740e-01
   1.0093723e+00   1.4091917e+00
   1.2142367e+00   9.7988866e-01
   7.3803536e-01  -1.2571893e+00
  -2.9631812e-02  -1.5743651e+00
   1.2700225e+00   1.3936504e+00
  -6.6268406e-01  -1.2346283e+00
  -1.3713235e+00   4.1361244e-01
  -7.2806670e-01   9.9345426e-01
   9.9308687e-01  -1.4406555e+00
  -1.0660371e-02   1.0350479e+00
   1.0404023e-02  -1.5193748e+00
   1.9309950e+00  -6.5754996e-01
   1.8054633e+00  -1.3888359e+00
  -7.2520458e-01  -1.5945493e+00
  -8.3395631e-01  -1.1605411e+00
  -8.4581236e-01  -1.6519191e-01
   1.1444530e+00   4.9303072e-01
   5.4038782e-01   1.0865870e+00
  -4.6483153e-01  -1.4097076e+00
  -1.5322456e+00  -7.3291790e-01
   6.8022757e-01  -8.1976537e-01
  -8.4999079e-01   1.2950396e+00
  -9.7077526e-01   6.4659874e-01
  -5.3393297e-01  -5.2508567e-01
  -2.0686358e-01  -9.7635781e-01
  -6.6884485e-01  -1.1940052e+00
   9.2011759e-01   1.1757306e+00
  -1.4360798e+00  -1.4439583e+00
  -1.5369068e+00  -1.1594686e+00
  -4.1929602e-01  -1.4796560e+00
   5.0151182e-01  -5.9691242e-01
  -9.5536929e-01   6.1397922e-01
   6.9845436e-01  -8.6736953e-01
  -8.1303283e-01   1.7477589e+00
   1.6772090e+00   7.4553138e-01
   1.5316138e+00  -2.6445838e-01
  -2.5604772e-01   2.1418813e+00
  -1.5657141e+00   1.1905305e-01
   2.0204450e+00  -9.4077635e-01
  -1.0301774e+00   5.8215802e-01
   1.7774976e+00   6.9547024e-01
   2.8010585e-01   6.9148658e-01
  -2.5510732e-01  -1.5528414e+00
  -2.2157193e+00   4.7617264e-01
  -1.1541919e+00  -9.1335784e-01
  -1.1314445e+00  -1.8305219e+00
   1.6944203e-01  -1.5106599e+00
   9.9828490e-01  -8.9881805e-02
   1.4476093e-01   1.0505160e+00
   9.3794521e-03  -1.3315858e+00
   1.1013592e+00   1.6006018e+00
  -1.2534873e+00   8.2991942e-01
  -2.2938230e+00  -3.7382649e-01
   1.2367524e+00   8.3031447e-01
   7.2598294e-01  -4.9584194e-01
  -2.3306570e+00  -1.8563331e-01
   1.3719415e+00   6.5528286e-01
  -1.4354267e-01   1.9969240e+00
   2.5093559e-01   2.1447237e+00
  -8.5514726e-01   3.0110800e-01
  -1.1524260e+00  -1.0015623e+00
  -5.5139926e-01   7.0802694e-01
   1.5461066e+00  -9.5732927e-01
  -7.5343295e-01   1.8681245e+00
  -9.1936571e-01   8.9561469e-01
   1.2523309e-01   9.5301469e-01
  -1.4930874e+00  -1.3673994e+00
   1.4228778e+00  -5.3497974e-01
  -1.0572927e+00   7.3595007e-01
   9.2892733e-01  -1.1847811e+00
  -1.4574394e+00   1.1092036e+00
   1.6736966e+00  -9.1950077e-01
  -1.2837262e+00   4.2383534e-01
  -1.2024907e+00   5.9718065e-01
   6.8112579e-01   4.5404414e-01
   1.9690162e+00  -8.4790447e-01
   4.0050622e-01   1.4685588e+00
   1.2875516e+00  -1.2233834e+00
  -1.2845500e+00   9.3394721e-01
   1.5287825e+00   5.8290777e-01
  -1.2944689e+00  -8.7228063e-01
   1.4886520e+00  -1.0767176e+00
   5.5245437e-01  -1.3770753e+00
  -2.0441665e+00  -7.8974192e-01
  -1.3027852e+00  -2.3609989e-01
   1.2034582e+00  -1.2829935e+00
  -6.7416857e-01  -1.3128938e+00
  -3.1460259e-01   1.0755806e+00
   1.5516599e+00  -1.3077692e+00
  -1.9402954e+00  -9.7157631e-01
  -1.9602274e+00   1.1018800e+00
  -3.3278242e-01   1.6893391e+00
  -1.3939688e+00  -4.6347887e-01
  -1.4332517e+00  -1.2799035e-01
   5.4863720e-01   1.3757379e+00
  -2.1932216e-01   7.2183116e-01
   8.7854489e-01  -6.7917020e-01
   1.2938609e+00  -6.3304016e-01
   7.8872382e-01   1.2693035e+00
  -1.8564729e+00   3.7777657e-01
   9.1607112e-01   1.7361529e+00
  -1.3604798e+00   6.6397837e-01
  -1.5248590e+00   3.1832366e-01
  -1.5925390e-01  -1.6391024e+00
  -5.5884199e-01  -6.6033496e-01
  -1.0602301e+00   6.9614069e-02
   4.2988542e-01   2.1902075e+00
   9.5713426e-01   4.5284491e-01
  -1.0880563e+00  -4.6677758e-01
   6.6006708e-03   1.9533999e+00
   3.5167236e-01  -1.8308821e+00
   2.0240657e-01   1.1174895e+00
  -2.9083736e-01  -1.8488026e+00
   1.3184137e+00   7.3052682e-01
  -8.3788390e-01   2.0669160e+00
   1.5017231e+00   1.6131882e+00
   1.0138419e+00  -1.1198757e-01
   2.6854692e-01  -1.9557048e+00
   1.7041093e+00   1.0406381e+00
  -6.8813074e-01  -5.3709382e-01
  -1.6284711e+00   9.8153264e-01
  -1.8485433e+00   1.0523542e+00
   9.9985333e-01   1.1834887e+00
   7.6049078e-01   1.1955777e+00
   7.0976671e-01  -1.8462996e+00
   9.2231227e-01   3.3954177e-01
   9.1470059e-01   1.6445479e+00
   1.2386133e+00   3.5854553e-01
  -1.0486125e+00  -1.1786368e+00
  -1.0947022e-01   2.2055587e+00
  -1.6854379e+00   1.1255851e+00
   9.5631528e-01   1.3242001e+00
  -7.2606730e-01   5.3692310e-01
  -3.9704517e-01  -1.7217234e+00
  -1.0100492e+00   2.0171403e-01
   1.0494737e+00  -1.5954122e-01
  -7.5557758e-01  -6.1577792e-01
  -5.7771707e-01   1.2213446e+00
   1.0608608e+00  -7.1161207e-02
   8.6210606e-01   8.6018571e-01
  -3.4846177e-01  -9.1973185e-01
  -1.3417848e+00  -4.7849168e-01
  -1.4509661e+00  -3.2000297e-02
   1.4529558e+00  -3.2488026e-01
   1.8332406e-01  -1.9157296e+00
   3.0960295e-01   1.5833903e+00
  -4.1012669e-01  -7.9072957e-01
   3.6941545e-03  -9.4172975e-01
   8.4658337e-01  -9.9797571e-01
  -9.7887700e-01   1.3031863e+00
  -4.7551968e-01   1.8884106e+00
  -6.1602760e-01  -7.8289982e-01
  -7.0084008e-01   9.8118459e-02
   5.4369397e-01   1.0284935e+00
  -6.0626314e-01  -6.2056752e-01
   1.0961569e+00   8.3339940e-01
   1.5350000e+00  -1.6325035e+00
  -7.4872399e-01  -1.6270581e+00
  -1.9034343e+00   1.2124694e+00
  -2.0674720e+00  -3.1661959e-01
  -8.8110950e-01  -1.2418665e+00
   5.8159113e-01   1.2318091e+00
  -2.1590624e+00  -7.3248764e-01
   2.3066424e+00  -2.8110948e-01
  -3.8202007e-01  -1.4303019e+00
   6.5797448e-01   1.9496957e+00
   2.0018848e+00   6.6593555e-01
  -1.4579496e+00   3.4673883e-01
   5.7095023e-01   1.0080829e+00
  -1.0333591e+00  -5.2015199e-01
  -4.8811501e-01   2.2001753e+00
  -1.0803622e+00  -8.6014624e-01
  -8.0279789e-01  -4.3153672e-01
  -9.5407835e-01  -1.0041172e-01
   2.5029985e-01  -2.2772202e+00
  -9.6259798e-01  -1.4202805e+00
  -7.3937412e-01  -1.6429801e+00
  -1.4486743e+00  -5.1011498e-01
   2.3042551e+00   1.5513458e-01
  -3.2958892e-01  -1.6673276e+00
  -3.7832427e-01  -2.2164614e+00
  -1.7030268e+00  -1.3633612e+00
  -3.4699530e-02   1.5416124e+00
  -7.3174157e-01   1.4059264e-01
   3.8404267e-01   1.7287988e+00
   1.2464275e+00  -1.5829416e+00
  -8.2870549e-01  -1.8479606e+00
  -1.1954524e+00  -1.6540847e+00
   4.0020213e-01   1.6317506e+00
  -1.1521315e+00  -1.7544669e+00
  -1.3028264e+00   6.5966840e-01
   1.9828035e+00  -9.8156320e-01
  -3.5602543e-01  -1.0039989e+00
   8.8418239e-01  -8.6186245e-01
  -1.4386173e+00   1.4845609e+00
   9.4948312e-01   1.1854285e+00
   1.3713949e-01  -1.2439949e+00
   1.8416552e+00  -6.0781445e-01
  -7.9682415e-01   1.1115351e+00
  -7.1312860e-01   4.8988726e-01
   2.0687065e-01  -6.8061769e-01
  -8.0885951e-01   2.6912849e-01
  -9.2223205e-01  -9.1457688e-01
   1.8777305e+00  -8.2034555e-01
  -1.6813203e+00  -1.5598803e+00
   7.4898587e-01   1.8774873e+00
   1.6064641e+00   3.3419742e-01
   4.1246464e-01   1.8165490e+00
  -3.6446040e-01   1.2404383e+00
  -6.9433896e-01  -1.3621161e+00
  -1.6938469e+00   6.5992684e-01
   1.6210090e-01   8.5660985e-01
  -6.1846638e-01   1.1203639e+00
   9.3178317e-01   2.0193709e+00
   5.5784860e-01   5.6639675e-01
  -2.0958899e+00  -5.3363226e-01
   5.5520172e-01   1.8032211e+00
  -2.1892063e+00   6.9458809e-01
   3.7303583e-01  -1.3517135e+00
  -1.0496001e+00  -3.7540273e-01
  -1.4462299e+00  -8.7461728e-02
   1.8171565e+00  -1.1723845e+00
  -1.8268310e+00   6.2535969e-01
   1.3358546e+00  -1.0264279e+00
  -1.4257303e+00  -4.9750024e-01
  -1.1331072e+00  -8.6698999e-01
   5.6253043e-01   1.2046298e+00
   1.6537365e+00   9.7523968e-01
  -9.4398610e-01   1.2403912e+00
  -1.5922370e+00  -1.2494918e+00
   2.1606361e+00  -1.3752424e-01
  -1.0213043e+00  -7.3488518e-01
   5.0583630e-01  -1.2778615e+00
   1.5309458e+00  -5.7850858e-01
  -1.8553728e+00  -1.3841022e+00
  -3.8824516e-01   6.2289615e-01
  -7.6405265e-01   1.1719193e+00
   1.5007341e+00  -2.3554426e-01
   1.2642263e-01   1.0947862e+00
   1.0659779e+00   5.1817061e-01
  -9.1474046e-01   5.9155926e-01
  -1.2796689e+00  -1.9024739e+00
  -6.5668246e-01  -7.5729885e-01
  -1.2296790e+00   9.4950708e-01
  -2.1846206e+00  -2.8035665e-01
   1.3194135e+00  -4.2180858e-01
  -4.3154074e-01   9.0192791e-01
   1.6996644e+00  -1.1224570e+00
   1.1558766e+00  -4.8089075e-01
  -1.3992088e+00   1.0339399e+00
  -5.9317499e-01   8.2548218e-01
  -1.8330128e+00  -1.3699113e+00
  -4.0558971e-01   1.9999269e+00
   1.7509500e+00  -9.2512760e-01
  -7.1240183e-01  -1.1124187e+00
  -1.1840425e+00  -1.3343144e-01
  -9.9506576e-03  -1.4778237e+00
  -7.9781767e-01  -3.7981686e-01
  -4.8782341e-01   1.6865321e+00
   1.5488502e+00  -5.1865297e-01
   1.9793414e-01   1.3789384e+00
   1.7479144e+00   1.1155825e+00
   1.3661065e+00   1.5406700e+00
  -1.8153026e+00  -2.7319219e-02
  -1.2729039e-01   1.0812839e+00
   9.4895344e-01  -1.3848024e+00
   1.1010622e+00  -1.5168739e+00
  -1.0759960e+00   4.2734062e-01
  -8.4417655e-01   3.6338268e-01
  -7.7847620e-01  -1.7596924e+00
   1.9371917e+00  -1.0964480e+00
  -1.3191574e+00   7.6098281e-01
  -1.1776638e+00  -6.9995318e-01
  -2.2416394e+00  -6.3277779e-01
  -3.5227587e-01  -6.7083814e-01
   1.6697775e-01   1.8304951e+00
   4.7299395e-01  -1.3617000e+00
  -1.5950657e-02   2.1098842e+00
  -1.4870691e+00  -1.3908698e+00
  -8.4259963e-01   3.7738360e-01
  -1.0206538e+00  -7.5093926e-01
  -5.0237702e-01   1.8448602e+00
   7.7968815e-01  -9.7340417e-01
  -4.9195930e-02   1.3622472e+00
   4.4824234e-01   1.9742859e+00
  -8.5277580e-01   1.1283005e+00
   9.5305491e-01  -2.0467216e+00
  -9.6102489e-01  -4.2062791e-01
   5.2294271e-01  -5.2076076e-01
  -1.7385363e+00   5.6030338e-01
  -1.8009459e-01  -1.5513728e+00
   7.1319984e-01   7.1097439e-01
  -9.8202148e-01  -1.0438133e+00
  -1.2353769e+00   1.6294812e+00
   1.5871777e+00   1.6159766e+00
   6.2968241e-01  -6.1127603e-01
  -1.0517422e+00   1.0505400e+00
   5.2431410e-01   1.3134452e+00
   2.5973518e-01  -7.9374079e-01
  -6.9297832e-01  -1.5825092e+00
   1.4980600e+00  -1.1607063e+00
   4.3785928e-02   1.5546548e+00
  -1.7549016e-01  -7.0770452e-01
   4.9205402e-01   1.4210710e+00
  -6.0575002e-01  -1.5874834e+00
  -4.1356925e-01   1.5775297e+00
   4.8621555e-02   1.5110658e+00
   2.3021766e+00   1.9455709e-01
   2.2988788e-01  -1.3003808e+00
  -1.0942358e-01   1.4631611e+00
  -1.0173372e+00   1.7550211e+00
   1.1700946e+00   2.1172901e-01
   1.1619484e+00   9.4895308e-01
  -5.3179698e-01   1.6148453e+00
   1.0138369e+00  -1.2255404e+00
  -9.3410705e-01   6.5512707e-01
   9.4931762e-01   3.6460951e-01
   6.1625765e-01  -1.1527565e+00
   1.0740756e+00  -1.1857813e+00
  -1.6337578e+00  -7.1375511e-01
  -1.4710331e+00   1.6820308e+00
   1.4826529e+00  -1.4751474e+00
   5.4955059e-03  -1.9284332e+00
   1.7040054e+00   1.5796066e+00
   7.8008310e-02   1.4454039e+00
   2.8461714e-01  -2.1620396e+00
  -1.3903949e+00   3.8126198e-01
  -1.6204960e+00  -1.5052539e+00
   1.3221407e+00  -1.8756738e+00
   6.3059478e-01  -1.9842545e+00
  -1.2555572e+00   2.1387405e-02
   5.9102761e-01  -1.3236977e+00
   1.1019875e+00   1.3877890e+00
   1.2066755e-01   2.2728941e+00
   3.7823733e-01  -8.5408252e-01
   1.6448935e+00  -1.6501185e+00
  -8.2955738e-01   6.1885953e-01
   9.7054344e-01  -3.0181177e-02
  -1.2220466e+00  -1.1388267e+00
   1.4686629e-01  -8.5423244e-01
   1.7789356e+00  -2.2095266e-01
   6.6392705e-01  -2.2079440e+00
   1.3649489e+00   1.7777279e+00
   5.7915336e-01  -1.5779520e+00
  -1.5140759e+00  -1.3429249e+00
   1.3029855e+00  -1.4940680e+00
  -1.9763931e-01   1.0729785e+00
  -1.4358560e+00  -1.7536951e+00
  -2.3365399e+00   1.1130598e-01
  -4.5996097e-02   1.7292455e+00
   2.3008478e-01   1.2664281e+00
   1.1185065e+00  -7.9598263e-01
  -6.7151259e-01  -5.8151692e-01
   4.8831936e-01   1.1936076e+00
   8.8767464e-01   1.1823104e+00
  -1.2499238e+00  -1.9821423e+00
   1.1899310e+00   1.2710178e+00
   1.5169127e-01  -7.8106512e-01
   1.8157858e+00  -8.1623673e-01
   1.3723900e-01   2.2926626e+00
  -1.0835391e+00  -1.4809050e+00
  -1.0910160e+00   2.9949865e-01
   1.6691666e+00  -1.2957545e+00
