   2.0224916e-01  -3.5976902e-01
  -2.1809282e-01  -2.2151211e-01
  -3.5640955e-01   1.7956500e-01
  -7.7961935e-02  -4.1259101e-01
   6.2095856e-02  -3.5173661e-01
   1.0976527e-01   1.9276231e-01
   3.5120244e-01  -3.5185190e-01
  -4.2458125e-01   2.0762908e-02
  -4.5337369e-01   3.5977467e-01
   2.8237322e-01   2.4273554e-01
  -4.2119795e-02  -4.6320543e-01
  -5.7176456e-01  -4.3700578e-02
  -5.4880190e-02   1.6387210e-01
  -8.3443670e-01   3.9036746e-03
   1.5669097e-01  -4.1204250e-01
   3.9441370e-01  -1.8597018e-01
   7.6657034e-01   5.0475927e-02
   3.1605196e-01  -4.1735792e-01
  -4.4814874e-01   1.4601565e-01
   7.4589987e-01   6.4430984e-02
  -7.1384653e-01   2.3385225e-01
  -3.6505877e-01  -1.5880924e-01
  -6.9034171e-02   1.3349483e-01
  -1.2923988e-01  -3.1261633e-02
  -4.3591657e-01   1.5380488e-01
  -1.5685581e-01  -2.5194466e-01
  -5.3933038e-02   4.0108946e-02
  -2.9048888e-01  -4.8013527e-01
   2.8989787e-01   2.6741721e-01
  -5.0631354e-01  -1.7571983e-01
  -1.2906867e-01  -1.8202420e-01
   6.6087424e-01   7.5516132e-02
   2.1414624e-01  -3.9936378e-01
  -6.6124168e-01   2.5395131e-01
   8.4946087e-01  -1.3945889e-01
  -3.2413981e-02   2.1651702e-01
  -4.6340298e-01   1.5954853e-01
  -4.1151954e-01   1.1303570e-01
  -2.0607743e-01  -5.2331145e-01
   1.2328706e-01  -3.1491548e-01
   4.1670325e-01   1.1408425e-01
  -1.5899767e-01  -4.0698211e-01
   1.2873673e-01  -5.4567203e-01
  -2.5263579e-02   7.6636074e-02
   2.6509097e-01  -2.5860913e-01
  -1.7263375e-01   4.1186212e-01
  -1.0949271e-01  -6.4591006e-01
  -1.1909572e-01   3.1630909e-01
  -6.8667548e-01   7.0359909e-02
   2.9430810e-02  -8.9529346e-03
   1.6143810e-01  -5.4810711e-01
  -7.0446576e-01  -6.8108547e-02
  -5.5072715e-01  -3.9815426e-01
   7.2101094e-04  -4.7613939e-01
   2.0024210e-01   2.6977775e-01
   7.8561993e-01   2.0987285e-01
   6.3189867e-01   5.8410744e-02
  -3.2531245e-01   2.2577450e-01
   5.3993790e-01   6.4502952e-02
  -3.5497817e-01   1.2072807e-01
   1.3397294e-01  -1.9672352e-01
  -3.8465388e-01   2.2893738e-02
  -2.7644434e-01   7.1083539e-02
  -7.2507678e-01   7.6700164e-03
   3.4764969e-01   3.2992193e-01
   3.5576011e-01   2.3065313e-01
  -3.0697097e-01  -1.7557878e-01
   3.2646668e-01   6.6606658e-02
  -3.8750212e-01  -6.8850424e-03
   7.4271753e-02   3.6631030e-01
   2.1627567e-02   2.3794784e-01
   1.0996338e-01  -4.2210202e-01
   1.9648861e-02   6.2630981e-02
  -4.1916688e-01   2.3386445e-01
  -3.1133127e-01  -4.8555103e-01
  -3.7221165e-01  -4.4124677e-01
  -1.3662208e-01  -4.7272688e-01
   2.6715258e-01   1.0610456e-01
  -4.2794409e-01  -1.5302925e-01
   2.3922452e-02   2.3046564e-01
   4.6486090e-01   2.4532523e-01
   4.7920293e-01   2.0424143e-02
   2.8005812e-01  -2.9061861e-01
  -3.2021717e-01  -1.8697773e-01
  -4.7046986e-02  -5.0691644e-01
   4.9267189e-01  -3.9177245e-01
  -1.0148551e+00  -2.2691214e-01
  -4.9493336e-01   2.5019454e-01
  -7.8069924e-02   4.5287430e-01
  -3.9044255e-01   3.3770255e-01
  -1.6744932e-01   3.0102683e-01
  -4.6567729e-01   1.9630308e-01
   6.1934483e-01   3.0946270e-01
   3.6761709e-01   1.8328627e-01
   8.7398205e-01  -1.1354618e-01
   6.3150295e-01   1.6830165e-01
  -3.5231908e-01   1.0783881e-01
  -1.4597543e-01  -4.5118335e-01
  -6.8222691e-01  -1.0230010e-01
   2.9983970e-02   4.2315782e-01
  -1.0035694e-02   3.6812197e-01
  -2.1353673e-02  -4.1350171e-01
  -3.9769507e-01   7.7430695e-02
  -6.1992825e-01   3.5562933e-02
   1.1158715e-01  -4.0448384e-01
  -5.3189712e-01  -2.5120551e-02
   1.4930114e-01  -4.6449829e-01
  -7.0701842e-01   2.9480532e-02
   1.4794506e-01   4.7088216e-01
   3.3666220e-01   8.7837195e-02
   5.6718373e-01  -1.0473610e-02
   5.7742321e-02   3.0144109e-01
   2.1107975e-01  -2.1361311e-01
  -9.8233634e-03   7.9651420e-02
  -6.5176877e-01   2.3251525e-01
  -6.1612378e-01   2.5015310e-01
  -5.3205293e-01   2.0034479e-01
   5.5019822e-01   2.3186200e-02
   5.3045477e-02   4.1068809e-01
  -1.6366546e-02   2.5626528e-01
   2.3643751e-01   5.0951272e-02
  -1.1160590e-02  -4.1165720e-01
  -5.2721915e-01   5.6910787e-02
   3.0418571e-01   1.3300544e-01
   9.0435494e-02   1.6229467e-01
  -1.4005792e-01   4.1261785e-01
  -6.1228261e-01   1.7739546e-01
  -6.8665266e-02  -2.7096479e-01
  -2.2780870e-01  -3.4598090e-01
  -7.5154457e-01  -1.2704230e-01
  -2.4010824e-01   3.1017997e-01
   3.7418880e-02  -4.0839689e-01
  -4.6019269e-01   5.2487047e-02
  -9.7772940e-02  -3.7640842e-01
   1.3813603e-02  -6.6608121e-02
   3.3594476e-01  -3.7045179e-01
  -3.3207677e-01   3.3764406e-02
  -5.2362054e-01   2.0792694e-01
  -5.5089146e-01   1.1301520e-01
  -1.8667647e-01  -3.8604253e-01
   2.0290940e-01  -3.4780297e-01
  -3.6305396e-01  -3.1242364e-01
   5.9561441e-01  -1.0706261e-01
   3.1885610e-01  -3.7326385e-01
   3.6151665e-01  -2.1372490e-01
   1.6309654e-01   8.5270657e-03
  -9.4478549e-02   2.8921178e-01
  -3.8664636e-01  -5.5094000e-02
  -3.5052608e-01   3.4340824e-01
  -3.8239869e-01   7.3984572e-02
   1.6185956e-03  -1.6768346e-01
  -1.5404743e-02  -2.4179115e-01
   1.4207429e-02  -4.2569533e-01
  -5.0042863e-01  -2.2997880e-01
  -4.7808110e-02   3.9025028e-01
  -2.8155253e-01   3.4442799e-01
  -3.6114679e-02  -6.0518779e-01
  -4.2989976e-01   3.2260468e-01
   1.9393123e-01  -2.3772017e-02
  -5.2326493e-01   2.3697637e-01
   6.7550979e-01   1.7603216e-01
  -5.1658972e-02  -5.1037045e-01
   1.1477131e-01   4.5417099e-02
  -7.6198211e-01   5.0491411e-02
  -3.5545992e-01   2.5624239e-01
   5.2066731e-01   3.2555409e-01
   1.6683961e-01   3.2785685e-01
   2.6645805e-01  -2.4070121e-01
  -1.9439371e-02  -4.1956133e-01
   3.0799737e-02   1.9384482e-01
  -4.3759931e-03  -4.4190733e-01
  -2.0560611e-01  -4.7087315e-01
   6.3062114e-02  -4.1546598e-01
  -8.4955097e-01   2.9237571e-01
   4.9963570e-01   2.1637647e-01
  -1.4102096e-03   2.7080221e-01
  -3.4868783e-02  -3.2051495e-01
   3.7429464e-01  -4.5938610e-01
   3.3998574e-01   1.5653210e-01
  -1.5088800e-01   1.6848180e-01
  -4.1906053e-01   3.2925438e-01
   8.0399290e-02  -3.2168339e-01
   2.5650747e-01   1.4448361e-01
   1.1339851e-01  -4.6276643e-01
  -4.9037322e-01   1.8047233e-01
   9.9323123e-02   6.5344081e-02
  -4.5834587e-01   3.1803744e-01
   4.2642446e-01  -6.4031117e-01
  -6.4533088e-01   1.6206252e-01
  -4.0591210e-01   4.2626360e-01
  -2.4437924e-01  -3.8617598e-01
   1.8837080e-01   3.0076264e-01
  -2.9109357e-01  -3.7720262e-01
   1.0549522e-01  -3.6986632e-01
  -6.2574037e-02  -3.6744681e-01
  -1.2569698e-01  -2.5145044e-01
  -1.3919425e-01   1.1501239e-01
   1.8926821e-01  -3.3950400e-01
  -4.4469750e-02  -3.5734981e-01
  -3.2666433e-01  -3.0148175e-01
  -3.8369835e-01   4.5555811e-01
  -2.2864062e-01  -4.5364260e-01
   8.9809830e-03  -4.5818518e-01
   7.4937474e-02   3.3411691e-01
  -4.4351857e-03   4.4140712e-02
  -5.3347714e-01  -5.8438543e-02
   5.1032462e-01   6.5409304e-01
   1.2619013e-01  -3.4904370e-01
   3.5470209e-01  -4.4717397e-01
  -1.6673523e-01   1.9193966e-01
  -5.0312949e-01  -2.9615065e-01
  -1.2922726e-01   3.1942949e-01
   3.5238058e-01   8.7346804e-03
  -1.6811598e-02  -5.0633604e-01
   1.8797594e-01  -4.5470529e-01
  -8.2907611e-02   8.2678155e-02
  -1.2305966e-02  -2.3559730e-01
   2.0073810e-01   3.3241315e-02
   3.8895915e-02  -2.9718101e-01
   3.7395981e-01   5.3672563e-01
   1.1780141e-01  -4.9934946e-01
   2.6049664e-01   3.4345973e-01
  -4.9501687e-01   1.5951156e-01
  -7.0047627e-01   8.1513825e-02
  -2.3859132e-01   7.8906127e-02
   2.3526166e-01   5.4600681e-01
  -2.8425177e-01   5.1828135e-01
   3.1390350e-01   8.2533423e-02
   7.0285289e-01  -8.5773990e-02
  -2.2349715e-01   1.9172050e-01
  -2.5902124e-01   3.8842654e-02
   3.2037356e-01  -2.9883080e-01
  -1.5073460e-01  -1.6888954e-01
  -2.8931583e-01   1.0627542e-01
   2.8395235e-02   3.6486053e-01
  -3.6513203e-01  -1.2024602e-02
   1.4064024e-04  -3.3639702e-01
   2.9382170e-01  -3.2406630e-01
  -6.3307153e-01   2.0083098e-01
  -1.8452011e-01   1.3224302e-01
   3.7718379e-01  -1.5910186e-01
   2.6199817e-01  -2.4654177e-01
   6.8761350e-02  -2.1105578e-01
  -4.7041315e-01   3.8847913e-01
   4.3056109e-01  -8.3723990e-02
  -3.5586353e-01  -5.5339530e-02
   3.0031093e-02  -2.9056029e-01
  -3.4837423e-01   4.3534577e-02
   4.2222068e-01   9.7790360e-02
   6.1231061e-03   1.7770169e-01
   6.2610363e-01   1.1566883e-01
  -5.1358130e-02  -7.5722906e-01
  -6.3578195e-01   2.2915346e-01
   1.2870961e-01  -4.0241247e-01
   1.1224100e-02  -4.6620820e-01
   3.4915412e-01   9.0946436e-02
  -4.0082339e-02  -4.2907477e-01
  -4.8859673e-01  -4.3578755e-01
  -5.0468533e-01  -1.4741705e-01
   1.6312165e-01   3.7881111e-01
   2.5692403e-01  -3.5788188e-01
   7.3246491e-04   4.2622920e-02
  -2.5336327e-01  -1.3355007e-01
   1.4819697e-01  -3.5784292e-01
   1.9414845e-01  -3.6640454e-01
  -5.2323435e-01   2.1078687e-01
  -8.2287055e-02   2.3172498e-01
   5.9845359e-01   1.1753823e-01
   1.7105931e-01   2.7960958e-01
   1.0239637e-01   2.9636286e-01
  -1.2782363e-01  -4.3303047e-01
  -5.5721454e-01  -3.4124507e-01
  -6.0267760e-01   2.3336243e-02
  -1.8911349e-01  -3.6406721e-01
  -6.8247242e-02   2.1105140e-01
  -1.1578535e-02  -4.0493481e-01
  -1.5407463e-01   2.1281516e-01
  -2.0896594e-01  -4.0411041e-01
   4.2664667e-01  -1.5325556e-02
  -6.1438495e-01   2.3191850e-01
  -5.4493603e-01  -9.2460347e-02
  -2.8430906e-02  -2.6187757e-01
  -3.8604559e-01  -2.2046940e-01
  -3.6979869e-01  -3.5689755e-02
  -1.4069306e-01   3.2519077e-01
   7.6558422e-02   2.1309038e-01
  -2.5150309e-01   2.6067187e-01
   4.3818972e-01  -5.4407803e-01
  -1.4546626e-02   1.1004614e-01
   5.5289415e-01   1.0065577e-01
   1.5411650e-01  -4.7018373e-01
   2.9680010e-01   1.2090599e-01
  -2.7869977e-02   1.2536752e-01
  -1.6806983e-01  -3.9603736e-01
   4.8188939e-01   4.1982223e-02
   4.2145500e-01  -3.0191107e-02
  -2.3097390e-02   3.8386053e-01
  -1.2389161e-02  -2.5379161e-01
  -1.3707538e-01   5.3584870e-03
   5.2419025e-01   7.2084860e-02
   6.3962233e-01   4.9770854e-03
  -3.8624894e-01   1.0902635e-01
   8.3769931e-02   3.2992546e-01
  -5.4510203e-01   3.6251620e-01
   2.0800825e-01  -2.1940401e-01
   5.1837719e-01   4.9825975e-02
   1.5438042e-02  -4.4561600e-01
  -5.4241491e-01   1.7501375e-01
  -2.6626679e-01  -2.4708008e-01
   5.4474997e-01   8.2418679e-02
   5.7122800e-01   9.5482716e-02
   7.6774201e-01   2.5163924e-01
   1.2504918e-01   1.2936495e-01
   3.8225958e-01   1.6756743e-02
   1.3415768e-01  -4.8846208e-01
   6.5098414e-01   2.8595512e-01
   2.9566430e-01   3.2554277e-01
  -5.8251381e-01  -2.1863181e-01
   1.2968786e-01   3.0814784e-01
  -2.2118551e-01  -4.5775305e-01
   8.3149252e-02   2.7047609e-01
  -5.8326814e-02  -4.0564591e-01
   2.3339587e-03   3.5498364e-01
   4.2917453e-01   2.1055510e-01
   6.0789316e-01   5.7076146e-02
   2.9001791e-01  -4.2620317e-01
  -6.6048733e-01   2.4980808e-01
  -2.8082066e-01  -9.9907244e-02
  -2.3609086e-01   3.0789095e-01
  -3.5815445e-01   2.1606865e-01
   1.0707529e-01   4.5791625e-01
  -1.4288466e-01   3.4523475e-01
   4.9089303e-01  -2.3700823e-01
   2.7691141e-01  -1.0508718e-01
   6.8699340e-01  -8.4054745e-03
  -6.1216513e-01   1.9367516e-01
   4.3910479e-02   3.8953953e-02
   6.6772295e-02   2.8170025e-01
   5.6752385e-01  -1.1707873e-01
  -3.3774583e-01   1.9685293e-02
   2.1770225e-01  -2.8333298e-01
  -4.0142699e-01   3.9885770e-01
  -6.5171053e-01   6.2834864e-02
   5.0342026e-01   1.4888945e-01
  -1.2533081e-01  -2.9317120e-01
  -6.5821746e-01   2.6937200e-01
  -1.1365297e-02  -1.8198645e-01
   8.6227202e-02   2.5395713e-01
   3.5248533e-01   1.9834783e-02
   3.6098094e-01   1.0029407e-01
  -7.4799734e-01   2.3047231e-01
  -4.3485857e-01   1.2488564e-01
  -1.5023714e-01  -3.6608749e-01
  -1.1962638e-01  -6.2296395e-01
  -3.1948513e-01  -4.1948881e-01
   2.9933793e-02  -3.9470680e-01
  -4.4089629e-01   1.8731612e-01
   1.5702638e-01  -2.0515098e-01
   5.4251456e-01   1.1076758e-02
   4.5027117e-02  -3.8392150e-01
   5.2016271e-01  -6.8567841e-02
   9.9165024e-03   2.8100463e-01
  -1.5510449e-01  -5.1576455e-01
   1.9834613e-01  -3.7634176e-01
  -3.7666596e-01  -1.0240957e-01
   3.6055871e-01   1.7387777e-01
  -4.8943754e-01   2.5087138e-01
  -1.4573268e-01  -4.3775346e-01
  -3.7845520e-01   3.7096359e-02
   5.7247793e-01   1.8653847e-02
   5.0810260e-01   2.2468827e-01
  -4.6578570e-01   7.7659802e-02
  -2.3382745e-01   9.8994748e-02
  -7.2222868e-02  -3.3860323e-01
   4.7953457e-01   4.1498067e-01
  -2.1867772e-01   1.5718032e-01
   2.8458696e-01   1.4661587e-01
   1.3218774e-01   2.9235543e-01
  -1.7367398e-01  -4.2326241e-01
   2.7191789e-01  -2.6467459e-01
  -2.0839952e-01  -1.9543047e-01
  -3.3192766e-01   4.4991696e-01
  -2.7242253e-01  -1.0664388e-01
  -3.3881782e-01  -8.3911175e-02
   2.9703283e-01  -5.9676336e-01
   4.2779600e-01  -1.2623569e-01
   8.0789685e-02  -4.8121289e-01
   5.5846743e-01  -4.4120578e-02
   5.6745166e-01   7.6636535e-02
   3.5806447e-01   2.9566571e-01
  -9.8998710e-02  -4.2846487e-01
   2.6599528e-01   2.8967133e-01
   1.1176496e-01  -4.1522982e-01
  -6.9611759e-01   8.0910285e-02
  -9.0665005e-02   1.9360668e-01
   6.8774041e-01  -5.2570275e-02
   2.7191649e-01   1.6465891e-01
   4.5394608e-01   1.1526273e-02
   6.9231938e-02  -3.3269596e-02
   2.2032595e-01  -3.8533821e-01
   4.3391911e-01  -3.4267967e-01
   7.8736234e-01   7.0175146e-02
   4.4604187e-02  -4.8148121e-01
   3.1282136e-02  -4.7069638e-01
   5.5255524e-01  -1.4331714e-01
   4.2685370e-01  -1.4754159e-01
   3.0234248e-02   1.6852728e-01
  -7.3458752e-02  -2.8885282e-01
   7.1030854e-01   3.9421132e-01
   2.9526336e-01   1.4039867e-01
  -5.6565415e-02  -3.6643141e-01
   9.0168582e-02  -5.0853458e-01
  -6.3490547e-02   2.6886196e-01
   6.1188693e-01   1.7534763e-01
   7.2680529e-01  -2.3324491e-02
   3.7615174e-01  -9.2515582e-03
   4.2711715e-02   3.6004785e-01
   3.6702693e-01  -4.1219040e-01
  -1.0864784e-02  -3.8071735e-01
  -1.1158165e-01   3.9133203e-01
  -3.7784007e-01   2.2499585e-01
  -7.1131299e-02   3.2256490e-01
  -1.8161143e-02  -4.6181500e-01
   6.6163262e-02   2.6848114e-01
   5.0183536e-02  -4.5067485e-01
  -3.7710588e-01   3.3373753e-02
  -5.2162436e-01  -5.0490953e-02
  -1.4529570e-01   3.1791659e-01
  -1.5756166e-01  -4.6787115e-01
   1.1829494e-01  -1.0526773e-01
   2.2746355e-01  -5.3624918e-01
  -1.3859900e-01  -3.5777394e-01
   5.8766034e-02  -3.6025212e-01
  -1.8029582e-02  -4.0349789e-01
  -4.2568911e-01   2.9727906e-01
  -1.7593589e-01  -4.5430447e-01
   2.6617947e-01   8.0934495e-02
  -3.4544353e-01  -5.4862304e-01
  -3.4791927e-01   1.6275019e-01
   2.1405228e-01  -2.8944226e-01
   4.1474440e-02  -4.6979565e-01
  -3.7636029e-01  -1.0533688e-02
   1.0137870e-01  -3.4180547e-01
  -8.3524852e-01   8.4105248e-02
   7.5316654e-02  -3.3512103e-01
   6.1492283e-01   1.0832777e-01
   1.0949288e-01   4.0381804e-01
  -3.6067744e-02   1.9343410e-02
  -2.0786339e-01  -1.0935483e-02
   2.7417885e-02  -4.0923800e-01
  -6.5363216e-01   1.1474774e-01
  -1.1364162e-01   3.6022312e-01
   2.7925150e-01   3.1439445e-01
   1.3597227e-01  -2.8503028e-01
  -3.9810537e-02   2.8476105e-01
  -1.8268295e-01   1.8624915e-01
  -4.7503315e-01   1.8767736e-01
   6.9171738e-01  -1.2900747e-01
   5.5064208e-01   2.3397027e-01
  -3.6939698e-01   6.7348955e-02
  -1.4984794e-01  -3.4474821e-01
   3.5326118e-01   7.3742465e-02
  -3.7533047e-01   2.4145267e-01
   6.2369508e-02   4.4607109e-01
  -2.2686902e-01   1.2591546e-01
   2.1795912e-02   1.2464923e-01
  -2.2646288e-01   1.0009488e-01
   1.4714842e-01  -4.4579302e-01
  -1.4603690e-01  -2.5999454e-01
   9.0925903e-02  -4.8816833e-01
  -7.1878677e-02   4.6239912e-01
  -4.2232178e-01  -8.8072313e-02
   4.4426740e-01   2.0320450e-01
   3.1458978e-01  -3.4033670e-01
   4.0218356e-02  -5.9712796e-01
   4.5737824e-01  -1.4132410e-02
   7.0120594e-02   1.6358342e-01
   2.5325080e-01   6.0203266e-01
   2.4333861e-02   3.6363204e-01
   7.7282038e-01  -1.2353428e-01
   6.6060498e-01   3.2886834e-01
  -1.4357211e-01  -3.9972195e-01
  -2.9526594e-01  -9.7823298e-02
   1.1166572e-01  -6.0886361e-01
   4.7160044e-01   2.3170560e-01
  -1.8316357e-02   2.6313453e-01
  -5.3152338e-02   1.2674129e-01
  -6.3537612e-01   5.7151233e-02
   1.5029533e-01   3.3535294e-01
   2.6035431e-01  -6.3745337e-01
   1.3452054e-01  -3.9568827e-01
  -7.0972386e-01   1.5055651e-01
  -6.8518543e-02  -1.8857409e-01
  -8.2071858e-02  -4.9604212e-01
   5.7427534e-02   1.6571625e-01
   6.9958863e-01  -1.0069998e-01
  -6.4233410e-01  -2.1026754e-02
   5.5177811e-01   1.7151097e-01
   9.3308266e-02   3.7048582e-01
   4.9222605e-02  -1.6309176e-01
  -4.3430150e-01   3.7135326e-02
  -2.0263717e-01  -3.6834501e-01
   5.9552709e-01   6.9186033e-02
   1.0605360e-01  -4.0896787e-01
   1.8902191e-02   9.8907681e-02
   3.3356108e-01   4.2816363e-01
  -2.2226543e-01  -8.2784456e-02
   1.5294826e-01   3.2929873e-01
  -6.0511512e-01   2.0020972e-01
  -7.2134922e-03  -4.4457470e-01
   1.3929068e-02  -4.6238895e-01
  -1.5909087e-01  -2.8425036e-01
  -3.4389779e-02   3.0380999e-01
  -3.5662686e-01  -8.8464506e-02
  -6.9975165e-01   9.8914022e-02
   6.5889145e-02   1.0004824e-02
   1.5964499e-01  -3.0517840e-01
  -1.4613270e-02  -5.0963709e-01
   1.9649579e-01  -3.9401153e-01
   2.3441620e-02  -1.0808573e-01
  -4.1965721e-01  -4.3441267e-01
  -2.2255166e-01   2.6387015e-01
   2.6554314e-01  -5.1141164e-01
  -4.8760306e-01   6.0598701e-02
  -5.3309258e-01   9.5733133e-02
  -3.9676582e-01   4.2573089e-01
  -3.5329272e-02  -2.8645562e-01
   3.1699851e-01  -5.8466174e-03
   9.5562249e-02  -1.6858705e-01
  -3.4374690e-02  -3.1471917e-01
  -4.3437274e-01  -3.4559496e-01
   3.4711942e-01  -1.2965829e-01
  -1.5800160e-01   4.7826041e-01
   1.7877241e-01  -1.2936638e-01
   4.1750399e-01  -4.3781348e-01
   2.0211848e-01  -3.8001027e-01
  -2.9931052e-01  -4.8674368e-03
   6.8487736e-02  -4.4644079e-01
   9.1301201e-03  -5.6089906e-01
   5.4831356e-01   3.1875209e-01
   5.1078007e-01  -9.3312044e-02
  -1.4704925e-02  -3.1850488e-01
   2.5669591e-01  -5.2042736e-01
  -4.6584131e-01   6.8576533e-02
   4.5697370e-01   6.3141228e-02
  -1.0100638e-01  -1.3791736e-01
  -7.4843160e-01   4.1804091e-01
  -7.2650519e-01   2.6603691e-01
   8.7918408e-02  -4.5867660e-01
  -7.0732338e-03  -4.2213958e-01
   5.2106298e-01   2.0410127e-01
  -9.4809904e-02   3.2004155e-01
  -1.9333018e-02  -5.9310472e-01
  -5.0776675e-02  -3.7984298e-01
   6.2497684e-03  -5.7194614e-01
   1.3922958e-01  -5.5961198e-02
  -6.3737542e-01  -6.0717619e-02
   1.2713218e-01  -3.6036612e-01
  -8.8689451e-03  -4.3190724e-01
  -3.1542911e-01   3.0807314e-01
  -1.4809105e-01   3.1427668e-01
   2.5424486e-01   3.3029637e-01
  -1.5630300e-01  -1.0686662e-01
   2.7979100e-02   1.4554687e-01
  -5.9272799e-01   1.2348530e-01
  -2.8480459e-01  -1.1207727e-01
  -5.4605443e-02  -4.1051768e-01
  -9.6840088e-02   3.2430365e-01
   4.6410375e-01   2.8522899e-01
  -5.9175543e-01   4.9685960e-02
  -4.7878448e-01   1.9454621e-01
  -1.0365183e-01  -3.0200520e-01
   1.9156725e-01   1.5862380e-01
  -2.5932356e-01  -3.1078655e-01
  -6.9695366e-01   3.6240381e-02
   1.0497357e-01   8.1660209e-02
   2.1467352e-01  -2.8190415e-01
   2.6314424e-01   1.4729986e-01
   3.6018928e-01  -5.6739122e-01
  -8.3499834e-01  -6.3838467e-02
  -8.6215643e-02   2.9432973e-02
   6.9955265e-01   1.6364064e-01
  -2.6089210e-01   1.4107939e-01
  -1.0480592e-01  -2.7881582e-01
   5.7476381e-01   5.6548445e-02
  -2.9060669e-02  -4.8219505e-01
  -3.7640052e-01   1.1951046e-02
   4.7726070e-01   5.2046925e-01
  -1.0623544e-01  -3.9504629e-01
   2.9627380e-01   3.0817186e-03
   3.8823406e-01   1.3663255e-01
   8.2415844e-02   2.6963355e-01
  -2.1985099e-01  -1.8217243e-01
  -1.6137739e-01   2.8111948e-01
  -6.5475154e-01   4.1903737e-01
  -2.7313547e-01   2.9222162e-03
  -4.8136446e-01  -9.2882485e-02
   2.3991706e-01   2.7864838e-01
   2.6723268e-01   2.2432307e-01
   5.7764070e-02  -6.4979898e-01
   4.6163395e-01  -6.7355629e-02
   4.0718689e-01   1.6549946e-02
  -1.1580994e-01  -3.2779521e-01
   1.5730996e-01  -2.1171591e-01
  -7.7040798e-02   3.5768350e-01
  -3.6188670e-01   1.3520892e-01
   2.9213549e-01  -2.0182046e-02
  -2.1064923e-03  -5.1877386e-01
   2.0095263e-02   2.4423941e-01
   2.0621074e-01   3.2139822e-01
   4.7523501e-01   1.2682245e-01
  -5.0346528e-01  -1.1705567e-02
   4.5650587e-01   2.1011184e-01
  -2.2692673e-01   3.8552744e-01
   1.8563802e-01  -4.0536927e-01
   4.4279261e-01   1.5110973e-01
  -3.0444257e-01   9.6873503e-02
   2.9200361e-01   3.3417322e-01
   1.9081045e-01   4.8688393e-01
  -1.0164925e+00  -7.0619043e-02
   4.4867070e-01   2.9528939e-01
   5.6575421e-01   1.2141396e-01
   3.7395913e-02   1.9491408e-01
  -3.5014833e-01   3.2358618e-01
  -1.3511944e-01   1.5411372e-01
  -5.0683662e-02  -2.4282846e-01
  -9.3338491e-02  -3.4439934e-01
   1.4542275e-01  -5.4233194e-01
   3.4114915e-01  -3.2868131e-01
  -1.0900559e-01  -5.4962598e-01
  -4.2190323e-01   2.1492340e-01
   5.4849665e-01  -5.4740218e-02
   2.7516746e-01  -2.0819762e-01
  -3.7986775e-01  -5.2785526e-01
   5.1288018e-01   3.2861345e-01
   4.3859375e-01  -4.8785575e-01
  -6.4721773e-01   1.8963687e-01
   4.7143952e-01  -1.3947176e-01
   3.5750319e-01   2.0497065e-01
   5.6479220e-01   3.5274914e-01
   3.9279236e-01  -1.9476709e-01
  -1.4032477e-01  -3.5841063e-01
   1.0749860e-01  -4.5211293e-01
  -1.5321442e-01  -2.4849156e-01
  -2.2496402e-01  -4.2178532e-01
   1.0650549e-01  -3.9012746e-01
   3.5246928e-01  -8.4512411e-02
   4.5978563e-01   1.8989834e-02
  -5.6263381e-01   3.0843720e-01
   2.0184091e-01   1.0622165e-01
   3.7184530e-01  -4.5093466e-02
   1.0388119e-01  -4.6852192e-01
   2.8740034e-01  -3.5072477e-01
   2.4175932e-01   3.7551857e-02
   1.0930973e-02  -4.1295872e-01
   2.5438175e-01   2.9010125e-01
   9.1384005e-02   1.0163212e-01
   5.0458724e-01  -3.1698607e-01
  -8.9546375e-02   3.2223862e-01
   1.5920979e-01  -4.6366288e-01
  -6.4154949e-02  -4.5426292e-01
  -5.4681641e-01   1.6834006e-01
   2.0558217e-01   2.1625531e-01
  -2.2574092e-01   4.8307640e-02
  -6.7518662e-01   8.9112110e-02
  -1.0475893e-01  -1.3929347e-01
   2.2844366e-01  -4.1842866e-01
  -6.0782132e-01   7.4561844e-02
  -3.2958945e-01  -1.1246641e-01
  -5.0396868e-01   2.9320254e-01
  -1.8691838e-01  -5.6757268e-01
   1.8706725e-01  -1.2113639e-01
  -3.7184082e-01  -4.3028292e-01
  -1.3839739e-01  -5.2610681e-01
   3.5228137e-01   3.1096309e-01
  -3.2382477e-01  -4.1118464e-02
  -1.0806269e-02  -1.7816778e-01
  -5.1901421e-01   9.7294164e-02
   7.4296680e-02   5.8568032e-01
   3.8803986e-02  -5.8100823e-01
  -9.1361480e-02  -3.8535629e-01
  -4.3621712e-01  -1.3730166e-01
   2.3308318e-01   2.1455523e-01
   4.8727669e-01   2.0092893e-01
   1.6758261e-01  -2.3783448e-01
   6.2008273e-02  -3.2503208e-01
  -2.4910619e-01   4.4050643e-01
  -3.1623774e-01  -3.9385772e-01
  -1.5486543e-01   2.2138003e-01
   3.0300477e-02  -4.2281776e-01
   7.0520053e-01   1.1917619e-01
  -1.7862358e-01  -4.9116429e-01
  -5.5524390e-01   2.4583617e-01
   1.0150909e-01   3.0855506e-01
   1.0285916e-01  -1.1502820e-01
  -5.2603533e-02   3.3786744e-01
   5.9482548e-01   6.3516930e-02
  -5.0403206e-01  -5.1646933e-02
   3.1612782e-01   1.9957161e-02
   4.4265919e-01   5.0680347e-02
   4.2101604e-01   6.4895174e-02
   4.0724589e-02   3.0249829e-01
   2.7944310e-01  -3.2085166e-01
   5.0130743e-01   1.8574329e-01
   4.7998391e-01  -7.1632418e-03
   3.7446881e-01  -2.5762530e-02
  -1.3550306e-02  -2.6602697e-01
   5.1809091e-01   2.3023452e-01
   2.4122562e-01  -3.6323878e-01
   2.0590299e-01   1.4243973e-01
   3.2438849e-01   2.4664242e-01
   2.5874537e-01  -4.5297335e-01
  -2.1661890e-01   9.6838815e-03
   9.7994610e-02   4.3245558e-01
  -5.0927959e-01   1.5950284e-01
  -6.0722656e-01  -3.8841169e-01
   1.9646247e-01  -3.0713297e-01
  -3.6285861e-01  -3.1686340e-01
   6.2746439e-01   8.3796190e-02
   1.2434151e-01  -5.3220790e-01
  -4.8652302e-01  -1.1048767e-01
   5.1890478e-01   2.8755416e-01
  -1.0500131e-01  -5.1365337e-01
  -1.9906701e-01   3.4409246e-01
   5.1347532e-01   2.9494028e-01
   1.3739537e-01  -9.2773348e-02
   4.6635568e-01   5.2704913e-02
  -1.2173492e-01  -3.6317013e-01
   1.8255615e-01  -1.6157854e-01
   1.3766080e-02   4.8152038e-01
  -1.6094875e-01  -3.5252116e-01
   1.3268115e-01  -4.1706994e-01
  -3.1902238e-01  -4.3337723e-01
  -5.8282932e-01  -2.3130820e-01
  -7.7267329e-02  -2.0297641e-01
  -3.8244993e-01   8.6990267e-02
   1.9227849e-03  -2.9514255e-01
  -2.9346576e-01  -5.3854607e-01
  -4.7308779e-01   4.9423121e-02
  -1.2851941e-01   8.6661401e-02
   4.3255325e-01  -2.0265895e-02
   7.3601614e-02  -3.1044282e-01
  -2.7317345e-01   7.6700002e-02
   5.2450328e-01   3.2577198e-01
   9.3336926e-02   3.1003973e-01
   3.8443008e-01  -3.5188328e-01
  -5.7398715e-01  -1.7340530e-01
   1.8319938e-01   2.5770923e-01
   6.8341102e-02   3.5540868e-01
  -4.1822998e-01   1.7404054e-01
  -1.3681231e-02  -2.3323218e-01
  -3.7811405e-01   2.0480726e-01
  -8.2514791e-02   4.3963443e-01
   4.0332472e-01  -1.3261598e-01
  -2.5100425e-01  -4.1767573e-01
  -3.4977442e-01   2.0734181e-01
   4.0264737e-01  -3.7431752e-01
  -2.1749462e-01  -2.8361878e-01
   5.6967706e-01  -8.2035249e-02
   3.1487966e-01  -2.9757012e-01
   3.5230549e-02   3.7112047e-02
   1.8344694e-01  -4.0915844e-01
   2.9848888e-01  -2.9455008e-01
   4.0638376e-02  -3.7074082e-01
   2.5131029e-01   3.0863007e-01
  -1.1237153e-01   3.3865914e-01
   2.6145938e-01   9.9877599e-02
  -5.6147312e-01  -2.1456539e-01
   1.0357556e-01  -3.2795215e-01
  -1.0003535e-01   5.3501862e-01
  -4.5380608e-01  -3.9909793e-01
  -4.9467828e-01  -3.7897511e-02
  -2.0625450e-01   3.1065492e-01
  -4.0504822e-01   2.7521954e-02
   5.0237820e-01   7.2014985e-02
   1.2319584e-01  -3.7877096e-01
  -1.8869841e-02  -3.5565866e-01
  -6.2674792e-01   1.7054290e-01
   1.0222109e-01  -1.9824216e-01
   1.9103748e-01  -1.2128538e-01
  -4.6646851e-01   1.5808180e-01
  -4.9937337e-01   1.7168277e-01
   3.2497408e-01   1.8953160e-01
  -1.9113433e-01  -4.0803357e-01
   4.3060204e-01  -3.5317122e-02
  -3.7251130e-01   1.8879761e-01
  -9.9924517e-02  -4.0767233e-01
  -2.0619008e-01  -6.6100326e-01
  -6.3310413e-03  -5.2396575e-01
  -5.2888284e-02  -3.8935152e-01
   3.2324514e-01   1.5070287e-02
   5.0059072e-01   2.1488412e-01
   5.0226374e-01   1.0350717e-01
  -2.7225973e-01   2.0150127e-01
  -1.8811026e-02  -3.7504687e-01
   2.7726403e-01   7.5349894e-02
  -2.3242625e-01   2.3102067e-01
   1.9714584e-01  -3.3137914e-01
  -2.0634079e-01  -5.6151779e-01
  -6.4781711e-01   5.6292262e-02
   8.1413662e-02   4.7115441e-01
   4.0956891e-02  -4.1712129e-01
   7.7350809e-02   1.3550588e-02
  -1.6657047e-01  -4.0130429e-01
  -2.2879615e-01   1.9805807e-01
   4.6028958e-01   6.2145780e-02
  -1.6221948e-01  -3.4226559e-01
  -3.0431377e-01  -1.3620864e-01
  -2.1066794e-01   3.7018621e-01
   6.9346977e-01   3.0208930e-01
   3.9553983e-02  -3.1848530e-01
   5.4264581e-01  -2.1156703e-01
  -3.1067294e-01  -9.2814380e-02
  -3.6447120e-01  -3.1253462e-02
   8.0175064e-02  -4.2810969e-01
  -1.7244300e-01  -5.2141475e-01
  -6.1177134e-02  -2.1591154e-01
  -2.2918018e-01  -4.7333990e-01
  -1.8642845e-01  -1.1978704e-02
   4.6710005e-01   1.6071447e-01
   7.5370241e-01   5.4326585e-01
  -3.1035763e-01   3.2243746e-01
   4.8986008e-01  -1.1934007e-01
   4.5478443e-01   2.1315957e-01
  -4.0631144e-01  -3.2264756e-01
  -4.0281687e-01  -1.2114847e-01
  -6.9404139e-01   1.0650629e-01
   2.6832097e-01  -4.0539581e-01
  -3.5973627e-01  -7.3794240e-02
   1.7549667e-01   1.7731797e-01
  -1.4899068e-01  -2.8988031e-01
   1.2515390e-01  -2.4420797e-01
  -1.6705290e-02  -5.1276479e-01
  -5.1040843e-01  -1.1352477e-01
   5.2306411e-01  -1.4210872e-01
   4.3091482e-01   1.1617434e-01
  -2.4885933e-01   3.8349979e-02
   6.3842490e-01   2.4631564e-01
  -4.9061418e-01  -7.4592949e-02
  -6.6739909e-01  -1.2777264e-01
  -2.2595190e-02  -3.8786992e-01
  -5.7448993e-01   1.1099238e-01
   2.9680249e-01   6.0816140e-02
  -4.7662917e-01   3.2977528e-01
   2.4672851e-02  -2.8421027e-01
   4.5714417e-02  -1.3130899e-01
  -1.2878636e-02  -4.9950604e-01
  -1.1965733e-01  -4.1353408e-01
   5.3934897e-01   3.5537685e-01
  -1.3823067e-01   7.6163337e-02
  -2.8977965e-02  -4.8973291e-01
  -1.7322064e-01   9.2513252e-02
   2.8172682e-01   3.7446962e-01
   1.6319452e-02  -4.6278145e-01
  -6.7326432e-01   1.5494716e-01
   5.0560176e-01   1.9822187e-01
   2.7278109e-01   2.3325156e-02
   1.9045186e-01  -3.1556257e-01
   2.4779808e-01   2.5816280e-01
   3.0183264e-01   1.1306842e-01
   5.8729285e-02  -4.6966951e-01
  -2.6142750e-01  -5.2613991e-01
   2.7421721e-01  -4.8046083e-01
  -2.0586148e-01  -3.1391701e-01
  -4.9692819e-01   1.4097206e-01
   3.3432109e-01  -3.0929906e-01
  -4.4368626e-01  -2.4400897e-01
   4.6471889e-02  -4.8079248e-01
  -8.1608336e-01   6.9468128e-03
  -7.2488223e-01  -4.0372375e-02
  -3.2162897e-01   2.9044832e-01
  -5.6426823e-03  -4.0750546e-01
  -3.4412017e-01   2.4463713e-01
   5.9956887e-01   7.1251187e-02
  -1.4018078e-01  -4.0584866e-01
  -5.7255680e-01   3.6754079e-01
   1.0181535e-01   4.7221820e-01
   3.8362988e-01  -2.8594994e-01
  -2.8069305e-01  -5.0736250e-02
   1.4174265e-01  -4.5621666e-01
  -3.0602034e-02   3.1083790e-01
  -1.9380625e-01  -4.7312895e-01
   3.6735172e-01   2.7487097e-01
   8.7054691e-02  -3.4189264e-01
   5.7550749e-01  -4.6565305e-01
   8.7969783e-02  -4.5973879e-01
  -2.1081554e-01   2.1907615e-01
  -8.6495705e-02  -3.0468722e-01
   2.8861578e-01  -4.8808474e-01
   2.9549390e-01   2.6485125e-01
   1.8346841e-01  -3.5145556e-01
   4.5728017e-01   7.4488460e-02
   5.2576660e-01   3.4004577e-03
   6.1618361e-01   5.5263605e-02
  -8.0120131e-01   2.2326937e-02
  -1.5809088e-02  -4.6014741e-01
   1.7705573e-02  -3.2188356e-01
  -2.0078380e-02  -3.8316660e-01
  -3.2860524e-01  -1.3313633e-01
   8.6921098e-02  -3.7461134e-01
